1
2
3
4
8
10
11
13
20
22
26
30
40
44
46
53
54
78
80
82
83
84
85
87
88
89
90
91
93
95
108
109
110
111
112
113
121
126
127
147
205
232
233
252
270
271
272
273
274
275
277
292
293
297
347
348
349
350
351
352
353
354
358
360
361
362
401
402
410
412
413
420
422
426
428
429
441
442
443
444
507
540
543
544
545
565
568
569
599
600
609
610
616
617
618
619
625
635
647
659
664
673
674
678
682
683
688
691
692
693
697
700
720
737
738
739
740
750
751
794
801
825
851
895
944
969
970
1001
1176
1186
1243
1253
1275
1348
1427
1428
1471
1473
1474
1476
1479
1480
1484
1650
1651
1653
1661
1678
1679
1771
1803
1806
1807
1808
1816
1842
1847
1848
1875
1880
1955
1956
2010
2030
2036
2058
2070
2182
2183
2184
2235
2297
2298
2356
2688
2693
2741
2835
2855
2968
2970
2988
2989
2990
2991
2992
2993
3034
3041
3044
3045
3048
3049
3050
3051
3052
3053
3054
3088
3097
3099
3130
3217
3271
3279
3352
3353
3361
3421
3445
3502
3539
3584
3591
3600
3767
3774
4553
4865
4919
4932
4938
5002
5034
5038
5039
5042
5051
5053
5059
5062
5063
5100
5159
5183
5210
5233
5266
5271
5277
5301
5366
5393
5404
5405
5406
5408
5452
5454
5456
5481
5487
5488
5595
5613
5642
5672
5673
5689
5705
5719
5720
5726
5729
5745
5759
5763
5777
5779
9797
10456
10684
10871
10885
11277
11371
11425
11612
11662
11671
11720
11783
11784
11785
11786
11787
11788
11899
11903
11957
12151
12185
12320
12580
12675
12737
13504
13631
13800
14824
14964
15629
15657
15868
16032
16232
16234
16236
16238
16246
16341
16656
16735
16812
16818
17051
17905
17933
19000
58833
